69,1
69,0
68,7
68,4
68,3
68,2
68,1
68,0
67,3
67,2
67,1
67,0
66,3
66,2
66,1
66,0
65,5
65,4
65,3
65,2
65,1
65,0
64,7
64,3
64,2
64,1
64,0
63,3
63,2
63,1
63,0
61,6
61,5
61,4
61,3
61,2
61,1
61,0
60,7
60,5
60,4
60,3
60,2
60,1
60,0
58,5
58,4
58,3
58,2
58,1
58,0
57,17
57,16
57,15
57,14
57,13
57,12
57,11
57,10
57,9
57,8
57,7
57,6
57,5
57,4
57,3
57,2
57,1
57,0
54,15
54,14
54,13
54,11
54,10
54,9
54,8
54,7
54,6
54,5
54,4
54,3
54,2
54,1
54,0
53,5
53,3
53,2
53,1
53,0
52,3
52,2
52,1
52,0
51,5
51,4
51,3
51,2
51,1
51,0
50,3
50,2
50,1
50,0
49,4
49,3
49,2
49,1
49,0
48,4
48,3
48,2
48,1
48,0
47,3
47,2
47,1
47,0
43,5
43,4
43,3
43,2
43,1
43,0
42,3
42,2
42,1
42,0
41,3
41,2
41,1
41,0
38,13
38,10
38,8
38,7
38,6
38,5
38,4
38,3
38,2
38,1
38,0
37,3
37,2
37,1
37,0
35,3
35,2
35,1
35,0
33,3
33,2
33,1
33,0
31,3
31,2
31,1
31,0
30,3
30,2
30,1
30,0
24,7
24,6
24,5
24,4
24,3
24,2
24,1
24,0
22,3
22,2
22,1
22,0
21,4
21,3
21,2
21,1
21,0
17,5
17,3
17,2
17,1
17,0
15,4
15,3
15,2
15,1
15,0
14,6
14,4
14,3
14,2
14,1
14,0
12,4
12,3
12,2
12,1
12,0
11,3
11,2
11,1
11,0
10,3
10,2
10,1
10,0
8,6
8,5
8,4
8,3
8,2
8,1
8,0
7,3
5,11
5,10
5,9
5,7
5,6
5,5
5,3
5,2
5,0
4,3
3,2
2,2
1,2
0,61
0,59
0,56
0,54
0,9
0,2
69,2
69,3
69,5
69,6
69,8
71,0
71,2
71,4
72,0
72,2
72,3
73,1
73,3
74,0
74,2
74,3
75,1
75,2
76,0
76,2
76,3
77,1
77,2
78,0
78,2
78,3
78,5
78,6
79,0
79,1
79,3
79,5
80,0
80,2
80,3
80,5
86,1
86,2
86,8
87,0
87,2
87,3
88,0
88,2
88,3
88,5
88,6
89,1
89,3
89,4
90,0
90,1
90,3
92,0
92,1
92,3
92,4
92,2
90,5
90,2
89,5
89,2
89,0
88,4
88,1
87,4
87,1
86,3
86,0
80,4
80,1
79,4
79,2
78,8
78,4
78,1
77,3
77,0
76,1
75,3
75,0
74,1
73,2
73,0
72,1
71,3
71,1
69,7
69,4
1,45
3,44
2,44
1,44
3,43
2,43
1,43
3,42
2,42
1,42
3,41
2,41
1,41
3,40
2,40
1,40
3,39
2,39
1,39
3,38
2,38
1,38
3,37
2,37
1,37
3,36
2,36
1,36
3,35
2,35
1,35
3,34
2,34
1,34
3,33
2,33
1,33
3,32
2,32
1,32
3,31
2,31
1,31
3,30
2,30
1,30
3,29
2,29
1,29
3,28
2,28
1,28
3,27
2,27
1,27
3,26
2,26
1,26
3,25
2,25
1,25
3,24
2,24
1,24
3,23
2,23
1,23
3,22
2,22
1,22
3,21
2,21
1,21
3,20
2,20
1,20
3,19
2,19
1,19
3,18
2,18
1,18
3,17
2,17
1,17
3,16
2,16
1,16
3,15
2,15
1,15
3,14
2,14
1,14
3,13
2,13
1,13
3,12
2,12
1,12
3,11
2,11
1,11
3,10
2,10
1,10
3,9
2,9
1,9
3,8
2,8
1,8
3,7
2,7
1,7
3,6
2,6
1,6
3,5
2,5
1,5
3,4
2,4
1,4
3,3
3,0
2,3
2,0
1,3
1,0
0,6
0,0
0,47
0,46
0,49
0,48
0,45
0,12
0,53
0,10
0,8
0,11
0,5
0,7
0,4
0,3
